sample_id,ground_truth,condition,baseline_pred,baseline_correct,oracle_alpha,oracle_pred,oracle_correct,oracle_utility
pccv2_n01_dense_r00,1,dense,1,True,1.0,1,True,0
pccv2_n01_dense_r01,1,dense,1,True,1.0,1,True,0
pccv2_n01_dense_r02,1,dense,1,True,1.0,1,True,0
pccv2_n01_dense_r03,1,dense,1,True,1.0,1,True,0
pccv2_n01_dense_r04,1,dense,1,True,1.0,1,True,0
pccv2_n01_dense_r05,1,dense,1,True,1.0,1,True,0
pccv2_n01_dense_r06,1,dense,1,True,1.0,1,True,0
pccv2_n01_dense_r07,1,dense,1,True,1.0,1,True,0
pccv2_n01_dense_r08,1,dense,1,True,1.0,1,True,0
pccv2_n01_dense_r09,1,dense,1,True,1.0,1,True,0
pccv2_n01_dense_r10,1,dense,1,True,1.0,1,True,0
pccv2_n01_dense_r11,1,dense,1,True,1.0,1,True,0
pccv2_n01_dense_r12,1,dense,1,True,1.0,1,True,0
pccv2_n01_dense_r13,1,dense,1,True,1.0,1,True,0
pccv2_n01_dense_r14,1,dense,1,True,1.0,1,True,0
pccv2_n01_dense_r15,1,dense,1,True,1.0,1,True,0
pccv2_n01_dense_r16,1,dense,1,True,1.0,1,True,0
pccv2_n01_dense_r17,1,dense,1,True,1.0,1,True,0
pccv2_n01_dense_r18,1,dense,1,True,1.0,1,True,0
pccv2_n01_dense_r19,1,dense,1,True,1.0,1,True,0
pccv2_n01_distractors_r00,1,distractors,1,True,1.0,1,True,0
pccv2_n01_distractors_r01,1,distractors,1,True,1.0,1,True,0
pccv2_n01_distractors_r02,1,distractors,1,True,1.0,1,True,0
pccv2_n01_distractors_r03,1,distractors,1,True,1.0,1,True,0
pccv2_n01_distractors_r04,1,distractors,1,True,1.0,1,True,0
pccv2_n01_distractors_r05,1,distractors,1,True,1.0,1,True,0
pccv2_n01_distractors_r06,1,distractors,1,True,1.0,1,True,0
pccv2_n01_distractors_r07,1,distractors,1,True,1.0,1,True,0
pccv2_n01_distractors_r08,1,distractors,1,True,1.0,1,True,0
pccv2_n01_distractors_r09,1,distractors,1,True,1.0,1,True,0
pccv2_n01_distractors_r10,1,distractors,1,True,1.0,1,True,0
pccv2_n01_distractors_r11,1,distractors,1,True,1.0,1,True,0
pccv2_n01_distractors_r12,1,distractors,1,True,1.0,1,True,0
pccv2_n01_distractors_r13,1,distractors,1,True,1.0,1,True,0
pccv2_n01_distractors_r14,1,distractors,1,True,1.0,1,True,0
pccv2_n01_distractors_r15,1,distractors,1,True,1.0,1,True,0
pccv2_n01_distractors_r16,1,distractors,1,True,1.0,1,True,0
pccv2_n01_distractors_r17,1,distractors,1,True,1.0,1,True,0
pccv2_n01_distractors_r18,1,distractors,1,True,1.0,1,True,0
pccv2_n01_distractors_r19,1,distractors,1,True,1.0,1,True,0
pccv2_n01_grid_r00,1,grid,1,True,1.0,1,True,0
pccv2_n01_grid_r01,1,grid,1,True,1.0,1,True,0
pccv2_n01_grid_r02,1,grid,1,True,1.0,1,True,0
pccv2_n01_grid_r03,1,grid,1,True,1.0,1,True,0
pccv2_n01_grid_r04,1,grid,1,True,1.0,1,True,0
pccv2_n01_grid_r05,1,grid,1,True,1.0,1,True,0
pccv2_n01_grid_r06,1,grid,1,True,1.0,1,True,0
pccv2_n01_grid_r07,1,grid,1,True,1.0,1,True,0
pccv2_n01_grid_r08,1,grid,1,True,1.0,1,True,0
pccv2_n01_grid_r09,1,grid,1,True,1.0,1,True,0
pccv2_n01_grid_r10,1,grid,1,True,1.0,1,True,0
pccv2_n01_grid_r11,1,grid,1,True,1.0,1,True,0
pccv2_n01_grid_r12,1,grid,1,True,1.0,1,True,0
pccv2_n01_grid_r13,1,grid,1,True,1.0,1,True,0
pccv2_n01_grid_r14,1,grid,1,True,1.0,1,True,0
pccv2_n01_grid_r15,1,grid,1,True,1.0,1,True,0
pccv2_n01_grid_r16,1,grid,1,True,1.0,1,True,0
pccv2_n01_grid_r17,1,grid,1,True,1.0,1,True,0
pccv2_n01_grid_r18,1,grid,1,True,1.0,1,True,0
pccv2_n01_grid_r19,1,grid,1,True,1.0,1,True,0
pccv2_n01_random_sparse_r00,1,random_sparse,1,True,1.0,1,True,0
pccv2_n01_random_sparse_r01,1,random_sparse,1,True,1.0,1,True,0
pccv2_n01_random_sparse_r02,1,random_sparse,1,True,1.0,1,True,0
pccv2_n01_random_sparse_r03,1,random_sparse,1,True,1.0,1,True,0
pccv2_n01_random_sparse_r04,1,random_sparse,1,True,1.0,1,True,0
pccv2_n01_random_sparse_r05,1,random_sparse,1,True,1.0,1,True,0
pccv2_n01_random_sparse_r06,1,random_sparse,1,True,1.0,1,True,0
pccv2_n01_random_sparse_r07,1,random_sparse,1,True,1.0,1,True,0
pccv2_n01_random_sparse_r08,1,random_sparse,1,True,1.0,1,True,0
pccv2_n01_random_sparse_r09,1,random_sparse,1,True,1.0,1,True,0
pccv2_n01_random_sparse_r10,1,random_sparse,1,True,1.0,1,True,0
pccv2_n01_random_sparse_r11,1,random_sparse,1,True,1.0,1,True,0
pccv2_n01_random_sparse_r12,1,random_sparse,1,True,1.0,1,True,0
pccv2_n01_random_sparse_r13,1,random_sparse,1,True,1.0,1,True,0
pccv2_n01_random_sparse_r14,1,random_sparse,1,True,1.0,1,True,0
pccv2_n01_random_sparse_r15,1,random_sparse,1,True,1.0,1,True,0
pccv2_n01_random_sparse_r16,1,random_sparse,1,True,1.0,1,True,0
pccv2_n01_random_sparse_r17,1,random_sparse,1,True,1.0,1,True,0
pccv2_n01_random_sparse_r18,1,random_sparse,1,True,1.0,1,True,0
pccv2_n01_random_sparse_r19,1,random_sparse,1,True,1.0,1,True,0
pccv2_n01_row_r00,1,row,1,True,1.0,1,True,0
pccv2_n01_row_r01,1,row,1,True,1.0,1,True,0
pccv2_n01_row_r02,1,row,1,True,1.0,1,True,0
pccv2_n01_row_r03,1,row,1,True,1.0,1,True,0
pccv2_n01_row_r04,1,row,1,True,1.0,1,True,0
pccv2_n01_row_r05,1,row,1,True,1.0,1,True,0
pccv2_n01_row_r06,1,row,1,True,1.0,1,True,0
pccv2_n01_row_r07,1,row,1,True,1.0,1,True,0
pccv2_n01_row_r08,1,row,1,True,1.0,1,True,0
pccv2_n01_row_r09,1,row,1,True,1.0,1,True,0
pccv2_n01_row_r10,1,row,1,True,1.0,1,True,0
pccv2_n01_row_r11,1,row,1,True,1.0,1,True,0
pccv2_n01_row_r12,1,row,1,True,1.0,1,True,0
pccv2_n01_row_r13,1,row,1,True,1.0,1,True,0
pccv2_n01_row_r14,1,row,1,True,1.0,1,True,0
pccv2_n01_row_r15,1,row,1,True,1.0,1,True,0
pccv2_n01_row_r16,1,row,1,True,1.0,1,True,0
pccv2_n01_row_r17,1,row,1,True,1.0,1,True,0
pccv2_n01_row_r18,1,row,1,True,1.0,1,True,0
pccv2_n01_row_r19,1,row,1,True,1.0,1,True,0
pccv2_n02_dense_r00,2,dense,2,True,1.0,2,True,0
pccv2_n02_dense_r01,2,dense,2,True,1.0,2,True,0
pccv2_n02_dense_r02,2,dense,2,True,1.0,2,True,0
pccv2_n02_dense_r03,2,dense,2,True,1.0,2,True,0
pccv2_n02_dense_r04,2,dense,2,True,1.0,2,True,0
pccv2_n02_dense_r05,2,dense,2,True,1.0,2,True,0
pccv2_n02_dense_r06,2,dense,2,True,1.0,2,True,0
pccv2_n02_dense_r07,2,dense,2,True,1.0,2,True,0
pccv2_n02_dense_r08,2,dense,2,True,1.0,2,True,0
pccv2_n02_dense_r09,2,dense,2,True,1.0,2,True,0
pccv2_n02_dense_r10,2,dense,2,True,1.0,2,True,0
pccv2_n02_dense_r11,2,dense,2,True,1.0,2,True,0
pccv2_n02_dense_r12,2,dense,2,True,1.0,2,True,0
pccv2_n02_dense_r13,2,dense,2,True,1.0,2,True,0
pccv2_n02_dense_r14,2,dense,2,True,1.0,2,True,0
pccv2_n02_dense_r15,2,dense,2,True,1.0,2,True,0
pccv2_n02_dense_r16,2,dense,2,True,1.0,2,True,0
pccv2_n02_dense_r17,2,dense,2,True,1.0,2,True,0
pccv2_n02_dense_r18,2,dense,2,True,1.0,2,True,0
pccv2_n02_dense_r19,2,dense,2,True,1.0,2,True,0
pccv2_n02_distractors_r00,2,distractors,1,False,2.0,2,True,1
pccv2_n02_distractors_r01,2,distractors,2,True,1.0,2,True,0
pccv2_n02_distractors_r02,2,distractors,2,True,1.0,2,True,0
pccv2_n02_distractors_r03,2,distractors,2,True,1.0,2,True,0
pccv2_n02_distractors_r04,2,distractors,2,True,1.0,2,True,0
pccv2_n02_distractors_r05,2,distractors,2,True,1.0,2,True,0
pccv2_n02_distractors_r06,2,distractors,2,True,1.0,2,True,0
pccv2_n02_distractors_r07,2,distractors,2,True,1.0,2,True,0
pccv2_n02_distractors_r08,2,distractors,2,True,1.0,2,True,0
pccv2_n02_distractors_r09,2,distractors,2,True,1.0,2,True,0
pccv2_n02_distractors_r10,2,distractors,2,True,1.0,2,True,0
pccv2_n02_distractors_r11,2,distractors,2,True,1.0,2,True,0
pccv2_n02_distractors_r12,2,distractors,2,True,1.0,2,True,0
pccv2_n02_distractors_r13,2,distractors,2,True,1.0,2,True,0
pccv2_n02_distractors_r14,2,distractors,2,True,1.0,2,True,0
pccv2_n02_distractors_r15,2,distractors,2,True,1.0,2,True,0
pccv2_n02_distractors_r16,2,distractors,2,True,1.0,2,True,0
pccv2_n02_distractors_r17,2,distractors,2,True,1.0,2,True,0
pccv2_n02_distractors_r18,2,distractors,2,True,1.0,2,True,0
pccv2_n02_distractors_r19,2,distractors,2,True,1.0,2,True,0
pccv2_n02_grid_r00,2,grid,2,True,1.0,2,True,0
pccv2_n02_grid_r01,2,grid,2,True,1.0,2,True,0
pccv2_n02_grid_r02,2,grid,2,True,1.0,2,True,0
pccv2_n02_grid_r03,2,grid,2,True,1.0,2,True,0
pccv2_n02_grid_r04,2,grid,2,True,1.0,2,True,0
pccv2_n02_grid_r05,2,grid,2,True,1.0,2,True,0
pccv2_n02_grid_r06,2,grid,2,True,1.0,2,True,0
pccv2_n02_grid_r07,2,grid,2,True,1.0,2,True,0
pccv2_n02_grid_r08,2,grid,2,True,1.0,2,True,0
pccv2_n02_grid_r09,2,grid,2,True,1.0,2,True,0
pccv2_n02_grid_r10,2,grid,2,True,1.0,2,True,0
pccv2_n02_grid_r11,2,grid,2,True,1.0,2,True,0
pccv2_n02_grid_r12,2,grid,2,True,1.0,2,True,0
pccv2_n02_grid_r13,2,grid,2,True,1.0,2,True,0
pccv2_n02_grid_r14,2,grid,2,True,1.0,2,True,0
pccv2_n02_grid_r15,2,grid,2,True,1.0,2,True,0
pccv2_n02_grid_r16,2,grid,2,True,1.0,2,True,0
pccv2_n02_grid_r17,2,grid,2,True,1.0,2,True,0
pccv2_n02_grid_r18,2,grid,2,True,1.0,2,True,0
pccv2_n02_grid_r19,2,grid,2,True,1.0,2,True,0
pccv2_n02_random_sparse_r00,2,random_sparse,2,True,1.0,2,True,0
pccv2_n02_random_sparse_r01,2,random_sparse,2,True,1.0,2,True,0
pccv2_n02_random_sparse_r02,2,random_sparse,2,True,1.0,2,True,0
pccv2_n02_random_sparse_r03,2,random_sparse,2,True,1.0,2,True,0
pccv2_n02_random_sparse_r04,2,random_sparse,2,True,1.0,2,True,0
pccv2_n02_random_sparse_r05,2,random_sparse,2,True,1.0,2,True,0
pccv2_n02_random_sparse_r06,2,random_sparse,2,True,1.0,2,True,0
pccv2_n02_random_sparse_r07,2,random_sparse,2,True,1.0,2,True,0
pccv2_n02_random_sparse_r08,2,random_sparse,2,True,1.0,2,True,0
pccv2_n02_random_sparse_r09,2,random_sparse,2,True,1.0,2,True,0
pccv2_n02_random_sparse_r10,2,random_sparse,2,True,1.0,2,True,0
pccv2_n02_random_sparse_r11,2,random_sparse,2,True,1.0,2,True,0
pccv2_n02_random_sparse_r12,2,random_sparse,2,True,1.0,2,True,0
pccv2_n02_random_sparse_r13,2,random_sparse,2,True,1.0,2,True,0
pccv2_n02_random_sparse_r14,2,random_sparse,2,True,1.0,2,True,0
pccv2_n02_random_sparse_r15,2,random_sparse,2,True,1.0,2,True,0
pccv2_n02_random_sparse_r16,2,random_sparse,2,True,1.0,2,True,0
pccv2_n02_random_sparse_r17,2,random_sparse,2,True,1.0,2,True,0
pccv2_n02_random_sparse_r18,2,random_sparse,2,True,1.0,2,True,0
pccv2_n02_random_sparse_r19,2,random_sparse,2,True,1.0,2,True,0
pccv2_n02_row_r00,2,row,2,True,1.0,2,True,0
pccv2_n02_row_r01,2,row,2,True,1.0,2,True,0
pccv2_n02_row_r02,2,row,2,True,1.0,2,True,0
pccv2_n02_row_r03,2,row,2,True,1.0,2,True,0
pccv2_n02_row_r04,2,row,2,True,1.0,2,True,0
pccv2_n02_row_r05,2,row,2,True,1.0,2,True,0
pccv2_n02_row_r06,2,row,2,True,1.0,2,True,0
pccv2_n02_row_r07,2,row,2,True,1.0,2,True,0
pccv2_n02_row_r08,2,row,2,True,1.0,2,True,0
pccv2_n02_row_r09,2,row,2,True,1.0,2,True,0
pccv2_n02_row_r10,2,row,2,True,1.0,2,True,0
pccv2_n02_row_r11,2,row,2,True,1.0,2,True,0
pccv2_n02_row_r12,2,row,2,True,1.0,2,True,0
pccv2_n02_row_r13,2,row,2,True,1.0,2,True,0
pccv2_n02_row_r14,2,row,2,True,1.0,2,True,0
pccv2_n02_row_r15,2,row,2,True,1.0,2,True,0
pccv2_n02_row_r16,2,row,2,True,1.0,2,True,0
pccv2_n02_row_r17,2,row,2,True,1.0,2,True,0
pccv2_n02_row_r18,2,row,2,True,1.0,2,True,0
pccv2_n02_row_r19,2,row,2,True,1.0,2,True,0
pccv2_n03_dense_r00,3,dense,3,True,1.0,3,True,0
pccv2_n03_dense_r01,3,dense,3,True,1.0,3,True,0
pccv2_n03_dense_r02,3,dense,3,True,1.0,3,True,0
pccv2_n03_dense_r03,3,dense,3,True,1.0,3,True,0
pccv2_n03_dense_r04,3,dense,3,True,1.0,3,True,0
pccv2_n03_dense_r05,3,dense,2,False,4.0,3,True,1
pccv2_n03_dense_r06,3,dense,3,True,1.0,3,True,0
pccv2_n03_dense_r07,3,dense,3,True,1.0,3,True,0
pccv2_n03_dense_r08,3,dense,3,True,1.0,3,True,0
pccv2_n03_dense_r09,3,dense,2,False,1.5,3,True,1
pccv2_n03_dense_r10,3,dense,3,True,1.0,3,True,0
pccv2_n03_dense_r11,3,dense,3,True,1.0,3,True,0
pccv2_n03_dense_r12,3,dense,3,True,1.0,3,True,0
pccv2_n03_dense_r13,3,dense,3,True,1.0,3,True,0
pccv2_n03_dense_r14,3,dense,3,True,1.0,3,True,0
pccv2_n03_dense_r15,3,dense,3,True,1.0,3,True,0
pccv2_n03_dense_r16,3,dense,3,True,1.0,3,True,0
pccv2_n03_dense_r17,3,dense,3,True,1.0,3,True,0
pccv2_n03_dense_r18,3,dense,3,True,1.0,3,True,0
pccv2_n03_dense_r19,3,dense,2,False,1.0,2,False,0
pccv2_n03_distractors_r00,3,distractors,2,False,1.5,3,True,1
pccv2_n03_distractors_r01,3,distractors,3,True,1.0,3,True,0
pccv2_n03_distractors_r02,3,distractors,3,True,1.0,3,True,0
pccv2_n03_distractors_r03,3,distractors,3,True,1.0,3,True,0
pccv2_n03_distractors_r04,3,distractors,2,False,1.5,3,True,1
pccv2_n03_distractors_r05,3,distractors,2,False,1.5,3,True,1
pccv2_n03_distractors_r06,3,distractors,3,True,1.0,3,True,0
pccv2_n03_distractors_r07,3,distractors,2,False,2.0,3,True,1
pccv2_n03_distractors_r08,3,distractors,3,True,1.0,3,True,0
pccv2_n03_distractors_r09,3,distractors,3,True,1.0,3,True,0
pccv2_n03_distractors_r10,3,distractors,3,True,1.0,3,True,0
pccv2_n03_distractors_r11,3,distractors,3,True,1.0,3,True,0
pccv2_n03_distractors_r12,3,distractors,2,False,2.0,3,True,1
pccv2_n03_distractors_r13,3,distractors,3,True,1.0,3,True,0
pccv2_n03_distractors_r14,3,distractors,3,True,1.0,3,True,0
pccv2_n03_distractors_r15,3,distractors,2,False,2.0,3,True,1
pccv2_n03_distractors_r16,3,distractors,3,True,1.0,3,True,0
pccv2_n03_distractors_r17,3,distractors,2,False,4.0,3,True,1
pccv2_n03_distractors_r18,3,distractors,2,False,4.0,3,True,1
pccv2_n03_distractors_r19,3,distractors,2,False,1.5,3,True,1
pccv2_n03_grid_r00,3,grid,3,True,1.0,3,True,0
pccv2_n03_grid_r01,3,grid,3,True,1.0,3,True,0
pccv2_n03_grid_r02,3,grid,3,True,1.0,3,True,0
pccv2_n03_grid_r03,3,grid,3,True,1.0,3,True,0
pccv2_n03_grid_r04,3,grid,3,True,1.0,3,True,0
pccv2_n03_grid_r05,3,grid,3,True,1.0,3,True,0
pccv2_n03_grid_r06,3,grid,3,True,1.0,3,True,0
pccv2_n03_grid_r07,3,grid,3,True,1.0,3,True,0
pccv2_n03_grid_r08,3,grid,3,True,1.0,3,True,0
pccv2_n03_grid_r09,3,grid,3,True,1.0,3,True,0
pccv2_n03_grid_r10,3,grid,3,True,1.0,3,True,0
pccv2_n03_grid_r11,3,grid,3,True,1.0,3,True,0
pccv2_n03_grid_r12,3,grid,3,True,1.0,3,True,0
pccv2_n03_grid_r13,3,grid,3,True,1.0,3,True,0
pccv2_n03_grid_r14,3,grid,3,True,1.0,3,True,0
pccv2_n03_grid_r15,3,grid,3,True,1.0,3,True,0
pccv2_n03_grid_r16,3,grid,3,True,1.0,3,True,0
pccv2_n03_grid_r17,3,grid,3,True,1.0,3,True,0
pccv2_n03_grid_r18,3,grid,3,True,1.0,3,True,0
pccv2_n03_grid_r19,3,grid,3,True,1.0,3,True,0
pccv2_n03_random_sparse_r00,3,random_sparse,3,True,1.0,3,True,0
pccv2_n03_random_sparse_r01,3,random_sparse,3,True,1.0,3,True,0
pccv2_n03_random_sparse_r02,3,random_sparse,3,True,1.0,3,True,0
pccv2_n03_random_sparse_r03,3,random_sparse,3,True,1.0,3,True,0
pccv2_n03_random_sparse_r04,3,random_sparse,3,True,1.0,3,True,0
pccv2_n03_random_sparse_r05,3,random_sparse,3,True,1.0,3,True,0
pccv2_n03_random_sparse_r06,3,random_sparse,3,True,1.0,3,True,0
pccv2_n03_random_sparse_r07,3,random_sparse,3,True,1.0,3,True,0
pccv2_n03_random_sparse_r08,3,random_sparse,3,True,1.0,3,True,0
pccv2_n03_random_sparse_r09,3,random_sparse,3,True,1.0,3,True,0
pccv2_n03_random_sparse_r10,3,random_sparse,3,True,1.0,3,True,0
pccv2_n03_random_sparse_r11,3,random_sparse,3,True,1.0,3,True,0
pccv2_n03_random_sparse_r12,3,random_sparse,3,True,1.0,3,True,0
pccv2_n03_random_sparse_r13,3,random_sparse,3,True,1.0,3,True,0
pccv2_n03_random_sparse_r14,3,random_sparse,3,True,1.0,3,True,0
pccv2_n03_random_sparse_r15,3,random_sparse,3,True,1.0,3,True,0
pccv2_n03_random_sparse_r16,3,random_sparse,3,True,1.0,3,True,0
pccv2_n03_random_sparse_r17,3,random_sparse,3,True,1.0,3,True,0
pccv2_n03_random_sparse_r18,3,random_sparse,3,True,1.0,3,True,0
pccv2_n03_random_sparse_r19,3,random_sparse,3,True,1.0,3,True,0
pccv2_n03_row_r00,3,row,3,True,1.0,3,True,0
pccv2_n03_row_r01,3,row,3,True,1.0,3,True,0
pccv2_n03_row_r02,3,row,3,True,1.0,3,True,0
pccv2_n03_row_r03,3,row,3,True,1.0,3,True,0
pccv2_n03_row_r04,3,row,3,True,1.0,3,True,0
pccv2_n03_row_r05,3,row,3,True,1.0,3,True,0
pccv2_n03_row_r06,3,row,3,True,1.0,3,True,0
pccv2_n03_row_r07,3,row,3,True,1.0,3,True,0
pccv2_n03_row_r08,3,row,3,True,1.0,3,True,0
pccv2_n03_row_r09,3,row,3,True,1.0,3,True,0
pccv2_n03_row_r10,3,row,3,True,1.0,3,True,0
pccv2_n03_row_r11,3,row,3,True,1.0,3,True,0
pccv2_n03_row_r12,3,row,3,True,1.0,3,True,0
pccv2_n03_row_r13,3,row,3,True,1.0,3,True,0
pccv2_n03_row_r14,3,row,3,True,1.0,3,True,0
pccv2_n03_row_r15,3,row,3,True,1.0,3,True,0
pccv2_n03_row_r16,3,row,3,True,1.0,3,True,0
pccv2_n03_row_r17,3,row,3,True,1.0,3,True,0
pccv2_n03_row_r18,3,row,3,True,1.0,3,True,0
pccv2_n03_row_r19,3,row,3,True,1.0,3,True,0
pccv2_n04_dense_r00,4,dense,4,True,1.0,4,True,0
pccv2_n04_dense_r01,4,dense,4,True,1.0,4,True,0
pccv2_n04_dense_r02,4,dense,4,True,1.0,4,True,0
pccv2_n04_dense_r03,4,dense,4,True,1.0,4,True,0
pccv2_n04_dense_r04,4,dense,4,True,1.0,4,True,0
pccv2_n04_dense_r05,4,dense,3,False,1.5,4,True,1
pccv2_n04_dense_r06,4,dense,4,True,1.0,4,True,0
pccv2_n04_dense_r07,4,dense,3,False,1.5,4,True,1
pccv2_n04_dense_r08,4,dense,3,False,4.0,4,True,1
pccv2_n04_dense_r09,4,dense,4,True,1.0,4,True,0
pccv2_n04_dense_r10,4,dense,4,True,1.0,4,True,0
pccv2_n04_dense_r11,4,dense,4,True,1.0,4,True,0
pccv2_n04_dense_r12,4,dense,4,True,1.0,4,True,0
pccv2_n04_dense_r13,4,dense,4,True,1.0,4,True,0
pccv2_n04_dense_r14,4,dense,4,True,1.0,4,True,0
pccv2_n04_dense_r15,4,dense,4,True,1.0,4,True,0
pccv2_n04_dense_r16,4,dense,4,True,1.0,4,True,0
pccv2_n04_dense_r17,4,dense,4,True,1.0,4,True,0
pccv2_n04_dense_r18,4,dense,4,True,1.0,4,True,0
pccv2_n04_dense_r19,4,dense,4,True,1.0,4,True,0
pccv2_n04_distractors_r00,4,distractors,4,True,1.0,4,True,0
pccv2_n04_distractors_r01,4,distractors,5,False,0.0,4,True,1
pccv2_n04_distractors_r02,4,distractors,4,True,1.0,4,True,0
pccv2_n04_distractors_r03,4,distractors,4,True,1.0,4,True,0
pccv2_n04_distractors_r04,4,distractors,5,False,1.0,5,False,0
pccv2_n04_distractors_r05,4,distractors,4,True,1.0,4,True,0
pccv2_n04_distractors_r06,4,distractors,5,False,0.0,4,True,1
pccv2_n04_distractors_r07,4,distractors,3,False,2.0,4,True,1
pccv2_n04_distractors_r08,4,distractors,4,True,1.0,4,True,0
pccv2_n04_distractors_r09,4,distractors,2,False,1.0,2,False,0
pccv2_n04_distractors_r10,4,distractors,4,True,1.0,4,True,0
pccv2_n04_distractors_r11,4,distractors,5,False,0.0,4,True,1
pccv2_n04_distractors_r12,4,distractors,5,False,1.0,5,False,0
pccv2_n04_distractors_r13,4,distractors,4,True,1.0,4,True,0
pccv2_n04_distractors_r14,4,distractors,3,False,1.5,4,True,1
pccv2_n04_distractors_r15,4,distractors,4,True,1.0,4,True,0
pccv2_n04_distractors_r16,4,distractors,4,True,1.0,4,True,0
pccv2_n04_distractors_r17,4,distractors,4,True,1.0,4,True,0
pccv2_n04_distractors_r18,4,distractors,5,False,1.0,5,False,0
pccv2_n04_distractors_r19,4,distractors,4,True,1.0,4,True,0
pccv2_n04_grid_r00,4,grid,4,True,1.0,4,True,0
pccv2_n04_grid_r01,4,grid,3,False,2.0,4,True,1
pccv2_n04_grid_r02,4,grid,3,False,4.0,4,True,1
pccv2_n04_grid_r03,4,grid,3,False,1.5,4,True,1
pccv2_n04_grid_r04,4,grid,3,False,1.5,4,True,1
pccv2_n04_grid_r05,4,grid,3,False,2.0,4,True,1
pccv2_n04_grid_r06,4,grid,3,False,4.0,4,True,1
pccv2_n04_grid_r07,4,grid,4,True,1.0,4,True,0
pccv2_n04_grid_r08,4,grid,4,True,1.0,4,True,0
pccv2_n04_grid_r09,4,grid,3,False,4.0,4,True,1
pccv2_n04_grid_r10,4,grid,4,True,1.0,4,True,0
pccv2_n04_grid_r11,4,grid,4,True,1.0,4,True,0
pccv2_n04_grid_r12,4,grid,3,False,1.5,4,True,1
pccv2_n04_grid_r13,4,grid,4,True,1.0,4,True,0
pccv2_n04_grid_r14,4,grid,4,True,1.0,4,True,0
pccv2_n04_grid_r15,4,grid,4,True,1.0,4,True,0
pccv2_n04_grid_r16,4,grid,4,True,1.0,4,True,0
pccv2_n04_grid_r17,4,grid,3,False,1.0,3,False,0
pccv2_n04_grid_r18,4,grid,3,False,4.0,4,True,1
pccv2_n04_grid_r19,4,grid,4,True,1.0,4,True,0
pccv2_n04_random_sparse_r00,4,random_sparse,4,True,1.0,4,True,0
pccv2_n04_random_sparse_r01,4,random_sparse,4,True,1.0,4,True,0
pccv2_n04_random_sparse_r02,4,random_sparse,4,True,1.0,4,True,0
pccv2_n04_random_sparse_r03,4,random_sparse,4,True,1.0,4,True,0
pccv2_n04_random_sparse_r04,4,random_sparse,4,True,1.0,4,True,0
pccv2_n04_random_sparse_r05,4,random_sparse,3,False,1.5,4,True,1
pccv2_n04_random_sparse_r06,4,random_sparse,4,True,1.0,4,True,0
pccv2_n04_random_sparse_r07,4,random_sparse,4,True,1.0,4,True,0
pccv2_n04_random_sparse_r08,4,random_sparse,4,True,1.0,4,True,0
pccv2_n04_random_sparse_r09,4,random_sparse,4,True,1.0,4,True,0
pccv2_n04_random_sparse_r10,4,random_sparse,4,True,1.0,4,True,0
pccv2_n04_random_sparse_r11,4,random_sparse,4,True,1.0,4,True,0
pccv2_n04_random_sparse_r12,4,random_sparse,4,True,1.0,4,True,0
pccv2_n04_random_sparse_r13,4,random_sparse,4,True,1.0,4,True,0
pccv2_n04_random_sparse_r14,4,random_sparse,4,True,1.0,4,True,0
pccv2_n04_random_sparse_r15,4,random_sparse,4,True,1.0,4,True,0
pccv2_n04_random_sparse_r16,4,random_sparse,4,True,1.0,4,True,0
pccv2_n04_random_sparse_r17,4,random_sparse,4,True,1.0,4,True,0
pccv2_n04_random_sparse_r18,4,random_sparse,4,True,1.0,4,True,0
pccv2_n04_random_sparse_r19,4,random_sparse,4,True,1.0,4,True,0
pccv2_n04_row_r00,4,row,4,True,1.0,4,True,0
pccv2_n04_row_r01,4,row,4,True,1.0,4,True,0
pccv2_n04_row_r02,4,row,4,True,1.0,4,True,0
pccv2_n04_row_r03,4,row,4,True,1.0,4,True,0
pccv2_n04_row_r04,4,row,4,True,1.0,4,True,0
pccv2_n04_row_r05,4,row,4,True,1.0,4,True,0
pccv2_n04_row_r06,4,row,4,True,1.0,4,True,0
pccv2_n04_row_r07,4,row,3,False,4.0,4,True,1
pccv2_n04_row_r08,4,row,4,True,1.0,4,True,0
pccv2_n04_row_r09,4,row,4,True,1.0,4,True,0
pccv2_n04_row_r10,4,row,4,True,1.0,4,True,0
pccv2_n04_row_r11,4,row,4,True,1.0,4,True,0
pccv2_n04_row_r12,4,row,4,True,1.0,4,True,0
pccv2_n04_row_r13,4,row,4,True,1.0,4,True,0
pccv2_n04_row_r14,4,row,4,True,1.0,4,True,0
pccv2_n04_row_r15,4,row,4,True,1.0,4,True,0
pccv2_n04_row_r16,4,row,4,True,1.0,4,True,0
pccv2_n04_row_r17,4,row,4,True,1.0,4,True,0
pccv2_n04_row_r18,4,row,4,True,1.0,4,True,0
pccv2_n04_row_r19,4,row,4,True,1.0,4,True,0
pccv2_n05_dense_r00,5,dense,4,False,4.0,5,True,1
pccv2_n05_dense_r01,5,dense,5,True,1.0,5,True,0
pccv2_n05_dense_r02,5,dense,4,False,1.0,4,False,0
pccv2_n05_dense_r03,5,dense,4,False,1.0,4,False,0
pccv2_n05_dense_r04,5,dense,5,True,1.0,5,True,0
pccv2_n05_dense_r05,5,dense,5,True,1.0,5,True,0
pccv2_n05_dense_r06,5,dense,4,False,4.0,5,True,1
pccv2_n05_dense_r07,5,dense,4,False,4.0,5,True,1
pccv2_n05_dense_r08,5,dense,4,False,1.0,4,False,0
pccv2_n05_dense_r09,5,dense,4,False,1.0,4,False,0
pccv2_n05_dense_r10,5,dense,5,True,1.0,5,True,0
pccv2_n05_dense_r11,5,dense,5,True,1.0,5,True,0
pccv2_n05_dense_r12,5,dense,4,False,1.0,4,False,0
pccv2_n05_dense_r13,5,dense,4,False,4.0,5,True,1
pccv2_n05_dense_r14,5,dense,5,True,1.0,5,True,0
pccv2_n05_dense_r15,5,dense,4,False,1.0,4,False,0
pccv2_n05_dense_r16,5,dense,4,False,1.5,5,True,1
pccv2_n05_dense_r17,5,dense,5,True,1.0,5,True,0
pccv2_n05_dense_r18,5,dense,5,True,1.0,5,True,0
pccv2_n05_dense_r19,5,dense,5,True,1.0,5,True,0
pccv2_n05_distractors_r00,5,distractors,6,False,0.0,5,True,1
pccv2_n05_distractors_r01,5,distractors,6,False,1.0,6,False,0
pccv2_n05_distractors_r02,5,distractors,5,True,1.0,5,True,0
pccv2_n05_distractors_r03,5,distractors,5,True,1.0,5,True,0
pccv2_n05_distractors_r04,5,distractors,6,False,0.0,5,True,1
pccv2_n05_distractors_r05,5,distractors,5,True,1.0,5,True,0
pccv2_n05_distractors_r06,5,distractors,6,False,0.0,5,True,1
pccv2_n05_distractors_r07,5,distractors,6,False,1.0,6,False,0
pccv2_n05_distractors_r08,5,distractors,4,False,2.0,5,True,1
pccv2_n05_distractors_r09,5,distractors,6,False,0.0,5,True,1
pccv2_n05_distractors_r10,5,distractors,6,False,0.0,5,True,1
pccv2_n05_distractors_r11,5,distractors,6,False,1.0,6,False,0
pccv2_n05_distractors_r12,5,distractors,5,True,1.0,5,True,0
pccv2_n05_distractors_r13,5,distractors,5,True,1.0,5,True,0
pccv2_n05_distractors_r14,5,distractors,5,True,1.0,5,True,0
pccv2_n05_distractors_r15,5,distractors,6,False,0.0,5,True,1
pccv2_n05_distractors_r16,5,distractors,6,False,0.0,5,True,1
pccv2_n05_distractors_r17,5,distractors,6,False,1.0,6,False,0
pccv2_n05_distractors_r18,5,distractors,5,True,1.0,5,True,0
pccv2_n05_distractors_r19,5,distractors,6,False,0.0,5,True,1
pccv2_n05_grid_r00,5,grid,5,True,1.0,5,True,0
pccv2_n05_grid_r01,5,grid,4,False,1.0,4,False,0
pccv2_n05_grid_r02,5,grid,4,False,1.0,4,False,0
pccv2_n05_grid_r03,5,grid,4,False,1.0,4,False,0
pccv2_n05_grid_r04,5,grid,4,False,1.0,4,False,0
pccv2_n05_grid_r05,5,grid,4,False,1.5,5,True,1
pccv2_n05_grid_r06,5,grid,4,False,2.0,5,True,1
pccv2_n05_grid_r07,5,grid,5,True,1.0,5,True,0
pccv2_n05_grid_r08,5,grid,4,False,4.0,5,True,1
pccv2_n05_grid_r09,5,grid,5,True,1.0,5,True,0
pccv2_n05_grid_r10,5,grid,4,False,2.0,5,True,1
pccv2_n05_grid_r11,5,grid,5,True,1.0,5,True,0
pccv2_n05_grid_r12,5,grid,4,False,1.0,4,False,0
pccv2_n05_grid_r13,5,grid,4,False,1.0,4,False,0
pccv2_n05_grid_r14,5,grid,5,True,1.0,5,True,0
pccv2_n05_grid_r15,5,grid,4,False,1.0,4,False,0
pccv2_n05_grid_r16,5,grid,5,True,1.0,5,True,0
pccv2_n05_grid_r17,5,grid,5,True,1.0,5,True,0
pccv2_n05_grid_r18,5,grid,5,True,1.0,5,True,0
pccv2_n05_grid_r19,5,grid,4,False,4.0,5,True,1
pccv2_n05_random_sparse_r00,5,random_sparse,5,True,1.0,5,True,0
pccv2_n05_random_sparse_r01,5,random_sparse,5,True,1.0,5,True,0
pccv2_n05_random_sparse_r02,5,random_sparse,5,True,1.0,5,True,0
pccv2_n05_random_sparse_r03,5,random_sparse,5,True,1.0,5,True,0
pccv2_n05_random_sparse_r04,5,random_sparse,5,True,1.0,5,True,0
pccv2_n05_random_sparse_r05,5,random_sparse,5,True,1.0,5,True,0
pccv2_n05_random_sparse_r06,5,random_sparse,5,True,1.0,5,True,0
pccv2_n05_random_sparse_r07,5,random_sparse,5,True,1.0,5,True,0
pccv2_n05_random_sparse_r08,5,random_sparse,5,True,1.0,5,True,0
pccv2_n05_random_sparse_r09,5,random_sparse,5,True,1.0,5,True,0
pccv2_n05_random_sparse_r10,5,random_sparse,5,True,1.0,5,True,0
pccv2_n05_random_sparse_r11,5,random_sparse,5,True,1.0,5,True,0
pccv2_n05_random_sparse_r12,5,random_sparse,5,True,1.0,5,True,0
pccv2_n05_random_sparse_r13,5,random_sparse,5,True,1.0,5,True,0
pccv2_n05_random_sparse_r14,5,random_sparse,5,True,1.0,5,True,0
pccv2_n05_random_sparse_r15,5,random_sparse,5,True,1.0,5,True,0
pccv2_n05_random_sparse_r16,5,random_sparse,5,True,1.0,5,True,0
pccv2_n05_random_sparse_r17,5,random_sparse,5,True,1.0,5,True,0
pccv2_n05_random_sparse_r18,5,random_sparse,5,True,1.0,5,True,0
pccv2_n05_random_sparse_r19,5,random_sparse,5,True,1.0,5,True,0
pccv2_n05_row_r00,5,row,5,True,1.0,5,True,0
pccv2_n05_row_r01,5,row,4,False,1.0,4,False,0
pccv2_n05_row_r02,5,row,4,False,1.0,4,False,0
pccv2_n05_row_r03,5,row,4,False,4.0,5,True,1
pccv2_n05_row_r04,5,row,5,True,1.0,5,True,0
pccv2_n05_row_r05,5,row,5,True,1.0,5,True,0
pccv2_n05_row_r06,5,row,4,False,4.0,5,True,1
pccv2_n05_row_r07,5,row,5,True,1.0,5,True,0
pccv2_n05_row_r08,5,row,4,False,1.0,4,False,0
pccv2_n05_row_r09,5,row,4,False,4.0,5,True,1
pccv2_n05_row_r10,5,row,5,True,1.0,5,True,0
pccv2_n05_row_r11,5,row,4,False,2.0,5,True,1
pccv2_n05_row_r12,5,row,4,False,4.0,5,True,1
pccv2_n05_row_r13,5,row,4,False,1.0,4,False,0
pccv2_n05_row_r14,5,row,4,False,1.0,4,False,0
pccv2_n05_row_r15,5,row,4,False,1.0,4,False,0
pccv2_n05_row_r16,5,row,4,False,4.0,5,True,1
pccv2_n05_row_r17,5,row,4,False,1.0,4,False,0
pccv2_n05_row_r18,5,row,4,False,4.0,5,True,1
pccv2_n05_row_r19,5,row,4,False,1.5,5,True,1
pccv2_n06_dense_r00,6,dense,5,False,1.0,5,False,0
pccv2_n06_dense_r01,6,dense,5,False,4.0,6,True,1
pccv2_n06_dense_r02,6,dense,6,True,1.0,6,True,0
pccv2_n06_dense_r03,6,dense,5,False,4.0,6,True,1
pccv2_n06_dense_r04,6,dense,6,True,1.0,6,True,0
pccv2_n06_dense_r05,6,dense,5,False,1.5,6,True,1
pccv2_n06_dense_r06,6,dense,5,False,1.0,5,False,0
pccv2_n06_dense_r07,6,dense,5,False,4.0,6,True,1
pccv2_n06_dense_r08,6,dense,6,True,1.0,6,True,0
pccv2_n06_dense_r09,6,dense,5,False,4.0,6,True,1
pccv2_n06_dense_r10,6,dense,6,True,1.0,6,True,0
pccv2_n06_dense_r11,6,dense,5,False,1.0,5,False,0
pccv2_n06_dense_r12,6,dense,5,False,1.0,5,False,0
pccv2_n06_dense_r13,6,dense,6,True,1.0,6,True,0
pccv2_n06_dense_r14,6,dense,5,False,1.0,5,False,0
pccv2_n06_dense_r15,6,dense,5,False,1.0,5,False,0
pccv2_n06_dense_r16,6,dense,5,False,1.5,6,True,1
pccv2_n06_dense_r17,6,dense,5,False,1.0,5,False,0
pccv2_n06_dense_r18,6,dense,6,True,1.0,6,True,0
pccv2_n06_dense_r19,6,dense,5,False,1.0,5,False,0
pccv2_n06_distractors_r00,6,distractors,6,True,1.0,6,True,0
pccv2_n06_distractors_r01,6,distractors,6,True,1.0,6,True,0
pccv2_n06_distractors_r02,6,distractors,6,True,1.0,6,True,0
pccv2_n06_distractors_r03,6,distractors,6,True,1.0,6,True,0
pccv2_n06_distractors_r04,6,distractors,6,True,1.0,6,True,0
pccv2_n06_distractors_r05,6,distractors,7,False,0.0,6,True,1
pccv2_n06_distractors_r06,6,distractors,6,True,1.0,6,True,0
pccv2_n06_distractors_r07,6,distractors,6,True,1.0,6,True,0
pccv2_n06_distractors_r08,6,distractors,6,True,1.0,6,True,0
pccv2_n06_distractors_r09,6,distractors,7,False,0.0,6,True,1
pccv2_n06_distractors_r10,6,distractors,6,True,1.0,6,True,0
pccv2_n06_distractors_r11,6,distractors,6,True,1.0,6,True,0
pccv2_n06_distractors_r12,6,distractors,7,False,0.0,6,True,1
pccv2_n06_distractors_r13,6,distractors,6,True,1.0,6,True,0
pccv2_n06_distractors_r14,6,distractors,6,True,1.0,6,True,0
pccv2_n06_distractors_r15,6,distractors,6,True,1.0,6,True,0
pccv2_n06_distractors_r16,6,distractors,6,True,1.0,6,True,0
pccv2_n06_distractors_r17,6,distractors,6,True,1.0,6,True,0
pccv2_n06_distractors_r18,6,distractors,6,True,1.0,6,True,0
pccv2_n06_distractors_r19,6,distractors,5,False,4.0,6,True,1
pccv2_n06_grid_r00,6,grid,5,False,1.5,6,True,1
pccv2_n06_grid_r01,6,grid,6,True,1.0,6,True,0
pccv2_n06_grid_r02,6,grid,6,True,1.0,6,True,0
pccv2_n06_grid_r03,6,grid,6,True,1.0,6,True,0
pccv2_n06_grid_r04,6,grid,6,True,1.0,6,True,0
pccv2_n06_grid_r05,6,grid,6,True,1.0,6,True,0
pccv2_n06_grid_r06,6,grid,6,True,1.0,6,True,0
pccv2_n06_grid_r07,6,grid,6,True,1.0,6,True,0
pccv2_n06_grid_r08,6,grid,5,False,2.0,6,True,1
pccv2_n06_grid_r09,6,grid,6,True,1.0,6,True,0
pccv2_n06_grid_r10,6,grid,5,False,2.0,6,True,1
pccv2_n06_grid_r11,6,grid,6,True,1.0,6,True,0
pccv2_n06_grid_r12,6,grid,5,False,4.0,6,True,1
pccv2_n06_grid_r13,6,grid,6,True,1.0,6,True,0
pccv2_n06_grid_r14,6,grid,6,True,1.0,6,True,0
pccv2_n06_grid_r15,6,grid,6,True,1.0,6,True,0
pccv2_n06_grid_r16,6,grid,6,True,1.0,6,True,0
pccv2_n06_grid_r17,6,grid,5,False,1.5,6,True,1
pccv2_n06_grid_r18,6,grid,6,True,1.0,6,True,0
pccv2_n06_grid_r19,6,grid,6,True,1.0,6,True,0
pccv2_n06_random_sparse_r00,6,random_sparse,6,True,1.0,6,True,0
pccv2_n06_random_sparse_r01,6,random_sparse,6,True,1.0,6,True,0
pccv2_n06_random_sparse_r02,6,random_sparse,6,True,1.0,6,True,0
pccv2_n06_random_sparse_r03,6,random_sparse,6,True,1.0,6,True,0
pccv2_n06_random_sparse_r04,6,random_sparse,6,True,1.0,6,True,0
pccv2_n06_random_sparse_r05,6,random_sparse,6,True,1.0,6,True,0
pccv2_n06_random_sparse_r06,6,random_sparse,6,True,1.0,6,True,0
pccv2_n06_random_sparse_r07,6,random_sparse,5,False,4.0,6,True,1
pccv2_n06_random_sparse_r08,6,random_sparse,6,True,1.0,6,True,0
pccv2_n06_random_sparse_r09,6,random_sparse,6,True,1.0,6,True,0
pccv2_n06_random_sparse_r10,6,random_sparse,6,True,1.0,6,True,0
pccv2_n06_random_sparse_r11,6,random_sparse,6,True,1.0,6,True,0
pccv2_n06_random_sparse_r12,6,random_sparse,5,False,4.0,6,True,1
pccv2_n06_random_sparse_r13,6,random_sparse,6,True,1.0,6,True,0
pccv2_n06_random_sparse_r14,6,random_sparse,6,True,1.0,6,True,0
pccv2_n06_random_sparse_r15,6,random_sparse,5,False,4.0,6,True,1
pccv2_n06_random_sparse_r16,6,random_sparse,6,True,1.0,6,True,0
pccv2_n06_random_sparse_r17,6,random_sparse,6,True,1.0,6,True,0
pccv2_n06_random_sparse_r18,6,random_sparse,5,False,2.0,6,True,1
pccv2_n06_random_sparse_r19,6,random_sparse,6,True,1.0,6,True,0
pccv2_n06_row_r00,6,row,5,False,1.0,5,False,0
pccv2_n06_row_r01,6,row,5,False,1.0,5,False,0
pccv2_n06_row_r02,6,row,5,False,1.0,5,False,0
pccv2_n06_row_r03,6,row,5,False,1.0,5,False,0
pccv2_n06_row_r04,6,row,5,False,1.0,5,False,0
pccv2_n06_row_r05,6,row,5,False,1.0,5,False,0
pccv2_n06_row_r06,6,row,5,False,1.0,5,False,0
pccv2_n06_row_r07,6,row,5,False,1.0,5,False,0
pccv2_n06_row_r08,6,row,5,False,1.0,5,False,0
pccv2_n06_row_r09,6,row,5,False,1.0,5,False,0
pccv2_n06_row_r10,6,row,5,False,1.0,5,False,0
pccv2_n06_row_r11,6,row,5,False,1.0,5,False,0
pccv2_n06_row_r12,6,row,5,False,1.0,5,False,0
pccv2_n06_row_r13,6,row,5,False,1.0,5,False,0
pccv2_n06_row_r14,6,row,5,False,1.0,5,False,0
pccv2_n06_row_r15,6,row,5,False,1.0,5,False,0
pccv2_n06_row_r16,6,row,5,False,1.0,5,False,0
pccv2_n06_row_r17,6,row,5,False,1.0,5,False,0
pccv2_n06_row_r18,6,row,5,False,1.0,5,False,0
pccv2_n06_row_r19,6,row,5,False,1.0,5,False,0
pccv2_n07_dense_r00,7,dense,6,False,1.0,6,False,0
pccv2_n07_dense_r01,7,dense,6,False,1.0,6,False,0
pccv2_n07_dense_r02,7,dense,6,False,1.0,6,False,0
pccv2_n07_dense_r03,7,dense,6,False,4.0,7,True,1
pccv2_n07_dense_r04,7,dense,6,False,1.0,6,False,0
pccv2_n07_dense_r05,7,dense,6,False,2.0,7,True,1
pccv2_n07_dense_r06,7,dense,6,False,4.0,7,True,1
pccv2_n07_dense_r07,7,dense,6,False,4.0,7,True,1
pccv2_n07_dense_r08,7,dense,6,False,1.0,6,False,0
pccv2_n07_dense_r09,7,dense,6,False,1.0,6,False,0
pccv2_n07_dense_r10,7,dense,6,False,1.0,6,False,0
pccv2_n07_dense_r11,7,dense,6,False,1.0,6,False,0
pccv2_n07_dense_r12,7,dense,6,False,1.0,6,False,0
pccv2_n07_dense_r13,7,dense,6,False,1.0,6,False,0
pccv2_n07_dense_r14,7,dense,6,False,1.0,6,False,0
pccv2_n07_dense_r15,7,dense,6,False,1.0,6,False,0
pccv2_n07_dense_r16,7,dense,6,False,4.0,7,True,1
pccv2_n07_dense_r17,7,dense,6,False,1.0,6,False,0
pccv2_n07_dense_r18,7,dense,6,False,1.0,6,False,0
pccv2_n07_dense_r19,7,dense,6,False,4.0,7,True,1
pccv2_n07_distractors_r00,7,distractors,7,True,1.0,7,True,0
pccv2_n07_distractors_r01,7,distractors,7,True,1.0,7,True,0
pccv2_n07_distractors_r02,7,distractors,6,False,1.5,7,True,1
pccv2_n07_distractors_r03,7,distractors,7,True,1.0,7,True,0
pccv2_n07_distractors_r04,7,distractors,8,False,1.0,8,False,0
pccv2_n07_distractors_r05,7,distractors,8,False,0.0,7,True,1
pccv2_n07_distractors_r06,7,distractors,7,True,1.0,7,True,0
pccv2_n07_distractors_r07,7,distractors,6,False,4.0,7,True,1
pccv2_n07_distractors_r08,7,distractors,7,True,1.0,7,True,0
pccv2_n07_distractors_r09,7,distractors,7,True,1.0,7,True,0
pccv2_n07_distractors_r10,7,distractors,7,True,1.0,7,True,0
pccv2_n07_distractors_r11,7,distractors,7,True,1.0,7,True,0
pccv2_n07_distractors_r12,7,distractors,7,True,1.0,7,True,0
pccv2_n07_distractors_r13,7,distractors,7,True,1.0,7,True,0
pccv2_n07_distractors_r14,7,distractors,8,False,0.0,7,True,1
pccv2_n07_distractors_r15,7,distractors,7,True,1.0,7,True,0
pccv2_n07_distractors_r16,7,distractors,8,False,1.0,8,False,0
pccv2_n07_distractors_r17,7,distractors,8,False,1.0,8,False,0
pccv2_n07_distractors_r18,7,distractors,6,False,2.0,7,True,1
pccv2_n07_distractors_r19,7,distractors,5,False,1.0,5,False,0
pccv2_n07_grid_r00,7,grid,6,False,1.0,6,False,0
pccv2_n07_grid_r01,7,grid,6,False,1.0,6,False,0
pccv2_n07_grid_r02,7,grid,6,False,1.0,6,False,0
pccv2_n07_grid_r03,7,grid,6,False,1.0,6,False,0
pccv2_n07_grid_r04,7,grid,6,False,1.0,6,False,0
pccv2_n07_grid_r05,7,grid,6,False,4.0,7,True,1
pccv2_n07_grid_r06,7,grid,6,False,1.0,6,False,0
pccv2_n07_grid_r07,7,grid,6,False,1.0,6,False,0
pccv2_n07_grid_r08,7,grid,6,False,1.0,6,False,0
pccv2_n07_grid_r09,7,grid,6,False,1.0,6,False,0
pccv2_n07_grid_r10,7,grid,6,False,1.0,6,False,0
pccv2_n07_grid_r11,7,grid,6,False,1.0,6,False,0
pccv2_n07_grid_r12,7,grid,6,False,1.0,6,False,0
pccv2_n07_grid_r13,7,grid,6,False,1.0,6,False,0
pccv2_n07_grid_r14,7,grid,6,False,4.0,7,True,1
pccv2_n07_grid_r15,7,grid,6,False,1.0,6,False,0
pccv2_n07_grid_r16,7,grid,6,False,4.0,7,True,1
pccv2_n07_grid_r17,7,grid,6,False,1.0,6,False,0
pccv2_n07_grid_r18,7,grid,6,False,1.0,6,False,0
pccv2_n07_grid_r19,7,grid,6,False,1.0,6,False,0
pccv2_n07_random_sparse_r00,7,random_sparse,6,False,4.0,7,True,1
pccv2_n07_random_sparse_r01,7,random_sparse,6,False,2.0,7,True,1
pccv2_n07_random_sparse_r02,7,random_sparse,6,False,4.0,7,True,1
pccv2_n07_random_sparse_r03,7,random_sparse,6,False,4.0,7,True,1
pccv2_n07_random_sparse_r04,7,random_sparse,6,False,4.0,7,True,1
pccv2_n07_random_sparse_r05,7,random_sparse,6,False,1.0,6,False,0
pccv2_n07_random_sparse_r06,7,random_sparse,6,False,4.0,7,True,1
pccv2_n07_random_sparse_r07,7,random_sparse,6,False,1.0,6,False,0
pccv2_n07_random_sparse_r08,7,random_sparse,6,False,1.0,6,False,0
pccv2_n07_random_sparse_r09,7,random_sparse,6,False,4.0,7,True,1
pccv2_n07_random_sparse_r10,7,random_sparse,6,False,1.0,6,False,0
pccv2_n07_random_sparse_r11,7,random_sparse,6,False,2.0,7,True,1
pccv2_n07_random_sparse_r12,7,random_sparse,6,False,1.0,6,False,0
pccv2_n07_random_sparse_r13,7,random_sparse,6,False,4.0,7,True,1
pccv2_n07_random_sparse_r14,7,random_sparse,6,False,4.0,7,True,1
pccv2_n07_random_sparse_r15,7,random_sparse,6,False,4.0,7,True,1
pccv2_n07_random_sparse_r16,7,random_sparse,6,False,1.0,6,False,0
pccv2_n07_random_sparse_r17,7,random_sparse,6,False,2.0,7,True,1
pccv2_n07_random_sparse_r18,7,random_sparse,6,False,4.0,7,True,1
pccv2_n07_random_sparse_r19,7,random_sparse,6,False,1.0,6,False,0
pccv2_n07_row_r00,7,row,6,False,1.0,6,False,0
pccv2_n07_row_r01,7,row,6,False,1.0,6,False,0
pccv2_n07_row_r02,7,row,6,False,1.0,6,False,0
pccv2_n07_row_r03,7,row,6,False,1.0,6,False,0
pccv2_n07_row_r04,7,row,6,False,1.0,6,False,0
pccv2_n07_row_r05,7,row,6,False,1.0,6,False,0
pccv2_n07_row_r06,7,row,6,False,1.0,6,False,0
pccv2_n07_row_r07,7,row,6,False,1.0,6,False,0
pccv2_n07_row_r08,7,row,6,False,1.0,6,False,0
pccv2_n07_row_r09,7,row,6,False,1.0,6,False,0
pccv2_n07_row_r10,7,row,6,False,1.0,6,False,0
pccv2_n07_row_r11,7,row,6,False,1.0,6,False,0
pccv2_n07_row_r12,7,row,6,False,1.0,6,False,0
pccv2_n07_row_r13,7,row,6,False,1.0,6,False,0
pccv2_n07_row_r14,7,row,6,False,1.0,6,False,0
pccv2_n07_row_r15,7,row,6,False,1.0,6,False,0
pccv2_n07_row_r16,7,row,6,False,1.0,6,False,0
pccv2_n07_row_r17,7,row,6,False,1.0,6,False,0
pccv2_n07_row_r18,7,row,6,False,1.0,6,False,0
pccv2_n07_row_r19,7,row,6,False,1.0,6,False,0
pccv2_n08_dense_r00,8,dense,6,False,1.0,6,False,0
pccv2_n08_dense_r01,8,dense,6,False,1.0,6,False,0
pccv2_n08_dense_r02,8,dense,6,False,1.0,6,False,0
pccv2_n08_dense_r03,8,dense,7,False,1.0,7,False,0
pccv2_n08_dense_r04,8,dense,7,False,1.0,7,False,0
pccv2_n08_dense_r05,8,dense,7,False,1.0,7,False,0
pccv2_n08_dense_r06,8,dense,6,False,1.0,6,False,0
pccv2_n08_dense_r07,8,dense,7,False,1.0,7,False,0
pccv2_n08_dense_r08,8,dense,7,False,1.0,7,False,0
pccv2_n08_dense_r09,8,dense,7,False,1.0,7,False,0
pccv2_n08_dense_r10,8,dense,7,False,1.0,7,False,0
pccv2_n08_dense_r11,8,dense,7,False,1.0,7,False,0
pccv2_n08_dense_r12,8,dense,6,False,1.0,6,False,0
pccv2_n08_dense_r13,8,dense,7,False,1.0,7,False,0
pccv2_n08_dense_r14,8,dense,7,False,1.0,7,False,0
pccv2_n08_dense_r15,8,dense,7,False,1.0,7,False,0
pccv2_n08_dense_r16,8,dense,7,False,1.0,7,False,0
pccv2_n08_dense_r17,8,dense,6,False,1.0,6,False,0
pccv2_n08_dense_r18,8,dense,7,False,1.0,7,False,0
pccv2_n08_dense_r19,8,dense,7,False,1.0,7,False,0
pccv2_n08_distractors_r00,8,distractors,8,True,1.0,8,True,0
pccv2_n08_distractors_r01,8,distractors,9,False,0.0,8,True,1
pccv2_n08_distractors_r02,8,distractors,9,False,1.0,9,False,0
pccv2_n08_distractors_r03,8,distractors,8,True,1.0,8,True,0
pccv2_n08_distractors_r04,8,distractors,8,True,1.0,8,True,0
pccv2_n08_distractors_r05,8,distractors,8,True,1.0,8,True,0
pccv2_n08_distractors_r06,8,distractors,9,False,0.0,8,True,1
pccv2_n08_distractors_r07,8,distractors,8,True,1.0,8,True,0
pccv2_n08_distractors_r08,8,distractors,8,True,1.0,8,True,0
pccv2_n08_distractors_r09,8,distractors,8,True,1.0,8,True,0
pccv2_n08_distractors_r10,8,distractors,8,True,1.0,8,True,0
pccv2_n08_distractors_r11,8,distractors,7,False,1.5,8,True,1
pccv2_n08_distractors_r12,8,distractors,8,True,1.0,8,True,0
pccv2_n08_distractors_r13,8,distractors,8,True,1.0,8,True,0
pccv2_n08_distractors_r14,8,distractors,8,True,1.0,8,True,0
pccv2_n08_distractors_r15,8,distractors,8,True,1.0,8,True,0
pccv2_n08_distractors_r16,8,distractors,8,True,1.0,8,True,0
pccv2_n08_distractors_r17,8,distractors,9,False,0.0,8,True,1
pccv2_n08_distractors_r18,8,distractors,7,False,1.5,8,True,1
pccv2_n08_distractors_r19,8,distractors,8,True,1.0,8,True,0
pccv2_n08_grid_r00,8,grid,7,False,1.0,7,False,0
pccv2_n08_grid_r01,8,grid,7,False,1.0,7,False,0
pccv2_n08_grid_r02,8,grid,7,False,1.0,7,False,0
pccv2_n08_grid_r03,8,grid,7,False,1.0,7,False,0
pccv2_n08_grid_r04,8,grid,7,False,1.0,7,False,0
pccv2_n08_grid_r05,8,grid,7,False,1.0,7,False,0
pccv2_n08_grid_r06,8,grid,7,False,1.0,7,False,0
pccv2_n08_grid_r07,8,grid,7,False,1.0,7,False,0
pccv2_n08_grid_r08,8,grid,7,False,1.0,7,False,0
pccv2_n08_grid_r09,8,grid,7,False,1.0,7,False,0
pccv2_n08_grid_r10,8,grid,7,False,1.0,7,False,0
pccv2_n08_grid_r11,8,grid,7,False,1.0,7,False,0
pccv2_n08_grid_r12,8,grid,7,False,1.0,7,False,0
pccv2_n08_grid_r13,8,grid,7,False,1.0,7,False,0
pccv2_n08_grid_r14,8,grid,7,False,1.0,7,False,0
pccv2_n08_grid_r15,8,grid,7,False,1.0,7,False,0
pccv2_n08_grid_r16,8,grid,7,False,1.0,7,False,0
pccv2_n08_grid_r17,8,grid,7,False,1.0,7,False,0
pccv2_n08_grid_r18,8,grid,7,False,1.0,7,False,0
pccv2_n08_grid_r19,8,grid,7,False,1.0,7,False,0
pccv2_n08_random_sparse_r00,8,random_sparse,7,False,1.0,7,False,0
pccv2_n08_random_sparse_r01,8,random_sparse,7,False,1.0,7,False,0
pccv2_n08_random_sparse_r02,8,random_sparse,7,False,1.0,7,False,0
pccv2_n08_random_sparse_r03,8,random_sparse,7,False,1.0,7,False,0
pccv2_n08_random_sparse_r04,8,random_sparse,7,False,4.0,8,True,1
pccv2_n08_random_sparse_r05,8,random_sparse,7,False,1.0,7,False,0
pccv2_n08_random_sparse_r06,8,random_sparse,7,False,1.0,7,False,0
pccv2_n08_random_sparse_r07,8,random_sparse,7,False,1.0,7,False,0
pccv2_n08_random_sparse_r08,8,random_sparse,7,False,1.0,7,False,0
pccv2_n08_random_sparse_r09,8,random_sparse,6,False,1.0,6,False,0
pccv2_n08_random_sparse_r10,8,random_sparse,7,False,1.0,7,False,0
pccv2_n08_random_sparse_r11,8,random_sparse,7,False,1.0,7,False,0
pccv2_n08_random_sparse_r12,8,random_sparse,7,False,1.0,7,False,0
pccv2_n08_random_sparse_r13,8,random_sparse,7,False,1.0,7,False,0
pccv2_n08_random_sparse_r14,8,random_sparse,7,False,1.0,7,False,0
pccv2_n08_random_sparse_r15,8,random_sparse,7,False,1.0,7,False,0
pccv2_n08_random_sparse_r16,8,random_sparse,7,False,4.0,8,True,1
pccv2_n08_random_sparse_r17,8,random_sparse,7,False,1.0,7,False,0
pccv2_n08_random_sparse_r18,8,random_sparse,7,False,1.0,7,False,0
pccv2_n08_random_sparse_r19,8,random_sparse,7,False,1.0,7,False,0
pccv2_n08_row_r00,8,row,6,False,1.0,6,False,0
pccv2_n08_row_r01,8,row,6,False,1.0,6,False,0
pccv2_n08_row_r02,8,row,6,False,1.0,6,False,0
pccv2_n08_row_r03,8,row,6,False,1.0,6,False,0
pccv2_n08_row_r04,8,row,6,False,1.0,6,False,0
pccv2_n08_row_r05,8,row,6,False,1.0,6,False,0
pccv2_n08_row_r06,8,row,6,False,1.0,6,False,0
pccv2_n08_row_r07,8,row,6,False,1.0,6,False,0
pccv2_n08_row_r08,8,row,6,False,1.0,6,False,0
pccv2_n08_row_r09,8,row,6,False,1.0,6,False,0
pccv2_n08_row_r10,8,row,6,False,1.0,6,False,0
pccv2_n08_row_r11,8,row,6,False,1.0,6,False,0
pccv2_n08_row_r12,8,row,6,False,1.0,6,False,0
pccv2_n08_row_r13,8,row,6,False,1.0,6,False,0
pccv2_n08_row_r14,8,row,6,False,1.0,6,False,0
pccv2_n08_row_r15,8,row,6,False,1.0,6,False,0
pccv2_n08_row_r16,8,row,6,False,1.0,6,False,0
pccv2_n08_row_r17,8,row,7,False,1.0,7,False,0
pccv2_n08_row_r18,8,row,6,False,1.0,6,False,0
pccv2_n08_row_r19,8,row,6,False,1.0,6,False,0
pccv2_n09_dense_r00,9,dense,7,False,1.0,7,False,0
pccv2_n09_dense_r01,9,dense,7,False,1.0,7,False,0
pccv2_n09_dense_r02,9,dense,8,False,1.0,8,False,0
pccv2_n09_dense_r03,9,dense,7,False,1.0,7,False,0
pccv2_n09_dense_r04,9,dense,7,False,1.0,7,False,0
pccv2_n09_dense_r05,9,dense,7,False,1.0,7,False,0
pccv2_n09_dense_r06,9,dense,7,False,1.0,7,False,0
pccv2_n09_dense_r07,9,dense,7,False,1.0,7,False,0
pccv2_n09_dense_r08,9,dense,7,False,1.0,7,False,0
pccv2_n09_dense_r09,9,dense,7,False,1.0,7,False,0
pccv2_n09_dense_r10,9,dense,7,False,1.0,7,False,0
pccv2_n09_dense_r11,9,dense,7,False,1.0,7,False,0
pccv2_n09_dense_r12,9,dense,7,False,1.0,7,False,0
pccv2_n09_dense_r13,9,dense,7,False,1.0,7,False,0
pccv2_n09_dense_r14,9,dense,7,False,1.0,7,False,0
pccv2_n09_dense_r15,9,dense,7,False,1.0,7,False,0
pccv2_n09_dense_r16,9,dense,7,False,1.0,7,False,0
pccv2_n09_dense_r17,9,dense,7,False,1.0,7,False,0
pccv2_n09_dense_r18,9,dense,7,False,1.0,7,False,0
pccv2_n09_dense_r19,9,dense,7,False,1.0,7,False,0
pccv2_n09_distractors_r00,9,distractors,8,False,4.0,9,True,1
pccv2_n09_distractors_r01,9,distractors,9,True,1.0,9,True,0
pccv2_n09_distractors_r02,9,distractors,9,True,1.0,9,True,0
pccv2_n09_distractors_r03,9,distractors,8,False,4.0,9,True,1
pccv2_n09_distractors_r04,9,distractors,8,False,1.5,9,True,1
pccv2_n09_distractors_r05,9,distractors,8,False,1.5,9,True,1
pccv2_n09_distractors_r06,9,distractors,8,False,2.0,9,True,1
pccv2_n09_distractors_r07,9,distractors,9,True,1.0,9,True,0
pccv2_n09_distractors_r08,9,distractors,9,True,1.0,9,True,0
pccv2_n09_distractors_r09,9,distractors,9,True,1.0,9,True,0
pccv2_n09_distractors_r10,9,distractors,8,False,2.0,9,True,1
pccv2_n09_distractors_r11,9,distractors,8,False,2.0,9,True,1
pccv2_n09_distractors_r12,9,distractors,8,False,1.5,9,True,1
pccv2_n09_distractors_r13,9,distractors,9,True,1.0,9,True,0
pccv2_n09_distractors_r14,9,distractors,9,True,1.0,9,True,0
pccv2_n09_distractors_r15,9,distractors,9,True,1.0,9,True,0
pccv2_n09_distractors_r16,9,distractors,8,False,2.0,9,True,1
pccv2_n09_distractors_r17,9,distractors,8,False,2.0,9,True,1
pccv2_n09_distractors_r18,9,distractors,8,False,2.0,9,True,1
pccv2_n09_distractors_r19,9,distractors,8,False,1.5,9,True,1
pccv2_n09_grid_r00,9,grid,8,False,1.0,8,False,0
pccv2_n09_grid_r01,9,grid,8,False,1.0,8,False,0
pccv2_n09_grid_r02,9,grid,8,False,1.0,8,False,0
pccv2_n09_grid_r03,9,grid,7,False,1.0,7,False,0
pccv2_n09_grid_r04,9,grid,8,False,1.0,8,False,0
pccv2_n09_grid_r05,9,grid,7,False,1.0,7,False,0
pccv2_n09_grid_r06,9,grid,8,False,1.0,8,False,0
pccv2_n09_grid_r07,9,grid,7,False,1.0,7,False,0
pccv2_n09_grid_r08,9,grid,7,False,1.0,7,False,0
pccv2_n09_grid_r09,9,grid,8,False,1.0,8,False,0
pccv2_n09_grid_r10,9,grid,7,False,1.0,7,False,0
pccv2_n09_grid_r11,9,grid,7,False,1.0,7,False,0
pccv2_n09_grid_r12,9,grid,8,False,1.0,8,False,0
pccv2_n09_grid_r13,9,grid,8,False,1.0,8,False,0
pccv2_n09_grid_r14,9,grid,7,False,1.0,7,False,0
pccv2_n09_grid_r15,9,grid,8,False,1.0,8,False,0
pccv2_n09_grid_r16,9,grid,8,False,1.0,8,False,0
pccv2_n09_grid_r17,9,grid,7,False,1.0,7,False,0
pccv2_n09_grid_r18,9,grid,8,False,1.0,8,False,0
pccv2_n09_grid_r19,9,grid,7,False,1.0,7,False,0
pccv2_n09_random_sparse_r00,9,random_sparse,7,False,1.0,7,False,0
pccv2_n09_random_sparse_r01,9,random_sparse,8,False,1.0,8,False,0
pccv2_n09_random_sparse_r02,9,random_sparse,8,False,1.0,8,False,0
pccv2_n09_random_sparse_r03,9,random_sparse,8,False,1.0,8,False,0
pccv2_n09_random_sparse_r04,9,random_sparse,7,False,1.0,7,False,0
pccv2_n09_random_sparse_r05,9,random_sparse,7,False,1.0,7,False,0
pccv2_n09_random_sparse_r06,9,random_sparse,7,False,1.0,7,False,0
pccv2_n09_random_sparse_r07,9,random_sparse,7,False,1.0,7,False,0
pccv2_n09_random_sparse_r08,9,random_sparse,7,False,1.0,7,False,0
pccv2_n09_random_sparse_r09,9,random_sparse,7,False,1.0,7,False,0
pccv2_n09_random_sparse_r10,9,random_sparse,8,False,1.0,8,False,0
pccv2_n09_random_sparse_r11,9,random_sparse,7,False,1.0,7,False,0
pccv2_n09_random_sparse_r12,9,random_sparse,8,False,1.0,8,False,0
pccv2_n09_random_sparse_r13,9,random_sparse,8,False,1.0,8,False,0
pccv2_n09_random_sparse_r14,9,random_sparse,7,False,1.0,7,False,0
pccv2_n09_random_sparse_r15,9,random_sparse,7,False,1.0,7,False,0
pccv2_n09_random_sparse_r16,9,random_sparse,8,False,1.0,8,False,0
pccv2_n09_random_sparse_r17,9,random_sparse,8,False,1.0,8,False,0
pccv2_n09_random_sparse_r18,9,random_sparse,7,False,1.0,7,False,0
pccv2_n09_random_sparse_r19,9,random_sparse,7,False,1.0,7,False,0
pccv2_n09_row_r00,9,row,7,False,1.0,7,False,0
pccv2_n09_row_r01,9,row,7,False,1.0,7,False,0
pccv2_n09_row_r02,9,row,7,False,1.0,7,False,0
pccv2_n09_row_r03,9,row,7,False,1.0,7,False,0
pccv2_n09_row_r04,9,row,7,False,1.0,7,False,0
pccv2_n09_row_r05,9,row,7,False,1.0,7,False,0
pccv2_n09_row_r06,9,row,7,False,1.0,7,False,0
pccv2_n09_row_r07,9,row,7,False,1.0,7,False,0
pccv2_n09_row_r08,9,row,7,False,1.0,7,False,0
pccv2_n09_row_r09,9,row,7,False,1.0,7,False,0
pccv2_n09_row_r10,9,row,7,False,1.0,7,False,0
pccv2_n09_row_r11,9,row,7,False,1.0,7,False,0
pccv2_n09_row_r12,9,row,7,False,1.0,7,False,0
pccv2_n09_row_r13,9,row,7,False,1.0,7,False,0
pccv2_n09_row_r14,9,row,7,False,1.0,7,False,0
pccv2_n09_row_r15,9,row,7,False,1.0,7,False,0
pccv2_n09_row_r16,9,row,7,False,1.0,7,False,0
pccv2_n09_row_r17,9,row,7,False,1.0,7,False,0
pccv2_n09_row_r18,9,row,7,False,1.0,7,False,0
pccv2_n09_row_r19,9,row,7,False,1.0,7,False,0
pccv2_n10_dense_r00,10,dense,8,False,1.0,8,False,0
pccv2_n10_dense_r01,10,dense,7,False,1.0,7,False,0
pccv2_n10_dense_r02,10,dense,7,False,1.0,7,False,0
pccv2_n10_dense_r03,10,dense,8,False,1.0,8,False,0
pccv2_n10_dense_r04,10,dense,8,False,1.0,8,False,0
pccv2_n10_dense_r05,10,dense,8,False,1.0,8,False,0
pccv2_n10_dense_r06,10,dense,8,False,1.0,8,False,0
pccv2_n10_dense_r07,10,dense,8,False,1.0,8,False,0
pccv2_n10_dense_r08,10,dense,8,False,1.0,8,False,0
pccv2_n10_dense_r09,10,dense,8,False,1.0,8,False,0
pccv2_n10_dense_r10,10,dense,8,False,1.0,8,False,0
pccv2_n10_dense_r11,10,dense,8,False,1.0,8,False,0
pccv2_n10_dense_r12,10,dense,7,False,1.0,7,False,0
pccv2_n10_dense_r13,10,dense,8,False,1.0,8,False,0
pccv2_n10_dense_r14,10,dense,8,False,1.0,8,False,0
pccv2_n10_dense_r15,10,dense,8,False,1.0,8,False,0
pccv2_n10_dense_r16,10,dense,8,False,1.0,8,False,0
pccv2_n10_dense_r17,10,dense,7,False,1.0,7,False,0
pccv2_n10_dense_r18,10,dense,8,False,1.0,8,False,0
pccv2_n10_dense_r19,10,dense,8,False,1.0,8,False,0
pccv2_n10_distractors_r00,10,distractors,9,False,2.0,10,True,1
pccv2_n10_distractors_r01,10,distractors,9,False,2.0,10,True,1
pccv2_n10_distractors_r02,10,distractors,9,False,1.5,10,True,1
pccv2_n10_distractors_r03,10,distractors,9,False,1.5,10,True,1
pccv2_n10_distractors_r04,10,distractors,9,False,1.5,10,True,1
pccv2_n10_distractors_r05,10,distractors,9,False,1.5,10,True,1
pccv2_n10_distractors_r06,10,distractors,10,True,1.0,10,True,0
pccv2_n10_distractors_r07,10,distractors,10,True,1.0,10,True,0
pccv2_n10_distractors_r08,10,distractors,9,False,1.5,10,True,1
pccv2_n10_distractors_r09,10,distractors,9,False,1.5,10,True,1
pccv2_n10_distractors_r10,10,distractors,10,True,1.0,10,True,0
pccv2_n10_distractors_r11,10,distractors,11,False,0.0,10,True,1
pccv2_n10_distractors_r12,10,distractors,10,True,1.0,10,True,0
pccv2_n10_distractors_r13,10,distractors,9,False,1.5,10,True,1
pccv2_n10_distractors_r14,10,distractors,9,False,1.5,10,True,1
pccv2_n10_distractors_r15,10,distractors,9,False,2.0,10,True,1
pccv2_n10_distractors_r16,10,distractors,9,False,1.5,10,True,1
pccv2_n10_distractors_r17,10,distractors,10,True,1.0,10,True,0
pccv2_n10_distractors_r18,10,distractors,9,False,2.0,10,True,1
pccv2_n10_distractors_r19,10,distractors,9,False,2.0,10,True,1
pccv2_n10_grid_r00,10,grid,8,False,1.0,8,False,0
pccv2_n10_grid_r01,10,grid,8,False,1.0,8,False,0
pccv2_n10_grid_r02,10,grid,8,False,1.0,8,False,0
pccv2_n10_grid_r03,10,grid,8,False,1.0,8,False,0
pccv2_n10_grid_r04,10,grid,8,False,1.0,8,False,0
pccv2_n10_grid_r05,10,grid,8,False,1.0,8,False,0
pccv2_n10_grid_r06,10,grid,8,False,1.0,8,False,0
pccv2_n10_grid_r07,10,grid,8,False,1.0,8,False,0
pccv2_n10_grid_r08,10,grid,8,False,1.0,8,False,0
pccv2_n10_grid_r09,10,grid,8,False,1.0,8,False,0
pccv2_n10_grid_r10,10,grid,8,False,1.0,8,False,0
pccv2_n10_grid_r11,10,grid,8,False,1.0,8,False,0
pccv2_n10_grid_r12,10,grid,8,False,1.0,8,False,0
pccv2_n10_grid_r13,10,grid,9,False,1.0,9,False,0
pccv2_n10_grid_r14,10,grid,8,False,1.0,8,False,0
pccv2_n10_grid_r15,10,grid,8,False,1.0,8,False,0
pccv2_n10_grid_r16,10,grid,8,False,1.0,8,False,0
pccv2_n10_grid_r17,10,grid,8,False,1.0,8,False,0
pccv2_n10_grid_r18,10,grid,8,False,1.0,8,False,0
pccv2_n10_grid_r19,10,grid,8,False,1.0,8,False,0
pccv2_n10_random_sparse_r00,10,random_sparse,8,False,1.0,8,False,0
pccv2_n10_random_sparse_r01,10,random_sparse,8,False,1.0,8,False,0
pccv2_n10_random_sparse_r02,10,random_sparse,9,False,1.0,9,False,0
pccv2_n10_random_sparse_r03,10,random_sparse,8,False,1.0,8,False,0
pccv2_n10_random_sparse_r04,10,random_sparse,8,False,1.0,8,False,0
pccv2_n10_random_sparse_r05,10,random_sparse,8,False,1.0,8,False,0
pccv2_n10_random_sparse_r06,10,random_sparse,8,False,1.0,8,False,0
pccv2_n10_random_sparse_r07,10,random_sparse,8,False,1.0,8,False,0
pccv2_n10_random_sparse_r08,10,random_sparse,8,False,1.0,8,False,0
pccv2_n10_random_sparse_r09,10,random_sparse,8,False,1.0,8,False,0
pccv2_n10_random_sparse_r10,10,random_sparse,8,False,1.0,8,False,0
pccv2_n10_random_sparse_r11,10,random_sparse,8,False,1.0,8,False,0
pccv2_n10_random_sparse_r12,10,random_sparse,9,False,1.0,9,False,0
pccv2_n10_random_sparse_r13,10,random_sparse,8,False,1.0,8,False,0
pccv2_n10_random_sparse_r14,10,random_sparse,8,False,1.0,8,False,0
pccv2_n10_random_sparse_r15,10,random_sparse,8,False,1.0,8,False,0
pccv2_n10_random_sparse_r16,10,random_sparse,8,False,1.0,8,False,0
pccv2_n10_random_sparse_r17,10,random_sparse,8,False,1.0,8,False,0
pccv2_n10_random_sparse_r18,10,random_sparse,8,False,1.0,8,False,0
pccv2_n10_random_sparse_r19,10,random_sparse,8,False,1.0,8,False,0
pccv2_n10_row_r00,10,row,8,False,1.0,8,False,0
pccv2_n10_row_r01,10,row,8,False,1.0,8,False,0
pccv2_n10_row_r02,10,row,7,False,1.0,7,False,0
pccv2_n10_row_r03,10,row,8,False,1.0,8,False,0
pccv2_n10_row_r04,10,row,8,False,1.0,8,False,0
pccv2_n10_row_r05,10,row,8,False,1.0,8,False,0
pccv2_n10_row_r06,10,row,7,False,1.0,7,False,0
pccv2_n10_row_r07,10,row,8,False,1.0,8,False,0
pccv2_n10_row_r08,10,row,7,False,1.0,7,False,0
pccv2_n10_row_r09,10,row,7,False,1.0,7,False,0
pccv2_n10_row_r10,10,row,8,False,1.0,8,False,0
pccv2_n10_row_r11,10,row,8,False,1.0,8,False,0
pccv2_n10_row_r12,10,row,8,False,1.0,8,False,0
pccv2_n10_row_r13,10,row,7,False,1.0,7,False,0
pccv2_n10_row_r14,10,row,7,False,1.0,7,False,0
pccv2_n10_row_r15,10,row,8,False,1.0,8,False,0
pccv2_n10_row_r16,10,row,8,False,1.0,8,False,0
pccv2_n10_row_r17,10,row,8,False,1.0,8,False,0
pccv2_n10_row_r18,10,row,7,False,1.0,7,False,0
pccv2_n10_row_r19,10,row,7,False,1.0,7,False,0
